40.71771610 -73.99183510
33.44943810 -112.00214010
33.44638010 -111.90188810
41.87824410 -87.62984310
37.68868210 -122.40933010
38.88616510 -77.04878310
33.35734510 -111.82265410
33.76663610 -84.39328910
42.36321910 -71.07368810
47.60624510 -122.33204410
36.11722910 -115.17107310
34.06039810 -118.24870910
44.97794810 -93.26730110
30.26718410 -97.74311910
40.76687610 -73.83335310
39.73583010 -104.98658010
39.95168010 -75.16273610
34.03548710 -118.43899810
32.98089310 -117.07811810
32.80302110 -96.76989710
37.34787110 -121.94728710
28.54350210 -81.37642910
32.71134410 -117.15363910
32.22171310 -110.92653510
34.12740210 -118.35188410
29.76269810 -95.38231410
43.04053310 -87.91433310
33.81730610 -117.89124910
37.39029210 -122.08728610
25.78581210 -80.21793810
45.52348310 -122.67628010
33.56973510 -112.31401610
33.67430310 -117.85878910
-6.21276710 106.84466010
27.94944610 -82.46507410
34.16021010 -118.22361710
39.10009510 -94.58243910
35.22726310 -80.84318210
43.65295010 -79.38260910
37.79314210 -122.26638310
39.99683210 -82.99995510
39.76845010 -86.15824910
33.87298610 -118.36209110
47.64522510 -122.16867510
39.28625010 -76.61466910
34.04892810 -111.09373110
40.43917510 -79.99565010
34.13146010 -118.11801210
40.76666810 -74.19249610
37.54372510 -122.30230910
33.65089610 -117.75207410
33.80987810 -118.14892410
40.87014810 -73.85938910
41.48748510 -81.70746910
29.42491710 -98.49362410
26.12086310 -80.15890710
35.77131410 -78.63671410
38.64552510 -90.22935910
51.50299110 -0.12553710
44.96203410 -93.11910810
38.58153310 -121.49565110
40.70807110 -73.58440010
38.98522210 -77.40597210
38.86832010 -77.24339910
34.09129810 -117.98038910
40.75960010 -111.89607810
39.12856810 -84.50309310
37.54294510 -77.46858910
36.16420410 -86.78144010
49.24017210 -123.11186010
35.20135210 -111.63924910
40.01498610 -105.27054610
39.00565710 -77.12653110
32.87758410 -97.01473110
40.98471810 -73.77423910
34.06188610 -117.67178510
41.25352810 -95.99938310
40.48887510 -74.42261110
29.96622810 -90.07729910
42.06520110 -87.80762210
41.85435710 -87.85690010
37.69303410 -122.09784510
44.88479710 -93.32703210
40.72581010 -74.29919610
30.33264510 -81.65430510
43.07283810 -89.39990310
40.62422910 -74.22584910
33.88832510 -118.04892810
42.89993610 -78.87341410
38.98589710 -94.67220210
34.19818210 -118.54927710
33.01182310 -96.70158710
26.01009810 -80.19999110
40.60991910 -74.11949510
34.05601210 -84.31689010
43.16220210 -77.61107310
33.96804710 -84.56806710
43.04888410 -76.14517610
42.33155210 -83.04453510
36.08379310 -86.65055310
34.07507910 -117.81647210
42.95810010 -85.66805410
28.64040310 -81.34387610
-0.30122610 36.52296410
35.14953410 -90.04898010
-23.54951810 -46.63821910
42.48119010 -83.16129910
47.45260010 -122.25931310
38.25346110 -85.75942110
37.59112010 -122.02073510
19.43032410 -99.14107210
39.09435610 -77.17691510
37.93503910 -122.52404810
42.06940610 -88.00480010
39.92385210 -74.99005110
35.78910410 -78.80417010
41.78755210 -88.13076410
42.27103310 -83.72662410
41.05086810 -73.54852010
33.98393610 -118.00740510
40.06552510 -74.39430610
36.03366910 -115.00236410
36.77826110 -119.41793210
32.72607010 -97.32101110
28.39950710 -81.53741110
42.28367910 -85.58616510
44.87394510 -93.48111810
39.10196110 -76.64161310
33.18045110 -117.36769210
45.50630510 -73.55965410
42.51691310 -83.31173510
40.05547610 -75.33351810
27.77915510 -82.64753710
39.97651610 -86.05148110
35.46854310 -97.51679610
41.59710110 -93.72645910
37.91590810 -122.06076010
33.23623710 -111.62403110
32.78430610 -79.92050410
43.00218110 -88.01437710
40.81356710 -74.43149610
42.31492510 -83.41802010
39.61879510 -104.99385410
34.39318010 -118.54247710
26.35257110 -80.08527910
38.95160310 -92.33439610
33.99977310 -84.15205610
32.88162110 -97.18290910
32.78356010 -97.12318210
42.00904110 -88.09617210
30.44164310 -84.28588010
35.99403310 -78.89861910
40.72422110 -73.40003710
39.85493310 -105.03830410
38.52735110 -90.38105210
35.91300610 -79.05707510
-6.91310210 107.60774310
39.52983610 -119.81145210
39.08246310 -77.52544410
26.20058510 -80.25071610
1.35083710 103.82022010
41.13509010 -73.34649910
33.92431510 -84.27900910
45.04867710 -93.40395410
39.85636110 -75.11196710
35.08449110 -106.65113710
32.79370610 -116.98787910
25.70535010 -80.28342910
40.29152210 -74.68239310
40.28806510 -74.02499110
43.58706710 -116.19586410
40.58581610 -105.08514410
21.30557110 -157.85681710
40.53299710 -74.29595110
31.75872010 -106.48693110
37.68464910 -121.90359610
33.13691910 -96.84826810
42.73284710 -84.53367710
42.62697310 -83.19854710
42.32737210 -71.36285110
38.83388210 -104.82136310
33.01823710 -117.28299410
40.80745410 -96.68141610
40.14561210 -75.28321310
37.09024010 -95.71289110
41.29770610 -72.95414610
36.81158210 -76.28458910
33.78883210 -84.26754510
48.85776610 2.34579810
41.60032210 -93.60765110
33.05810610 -112.04764210
40.14841010 -74.04873510
40.01223310 -74.93187810
39.72943210 -104.83192010
39.21151910 -76.85037410
42.45466110 -83.42359910
41.09426210 -81.50668110
36.85292610 -75.97798510
33.95567910 -83.38157810
41.13075610 -73.99961710
39.34761010 -76.77220010
33.16221010 -96.64954910
44.88697510 -92.97031810
41.82248610 -71.40810610
35.96349410 -83.91712810
33.13069510 -117.12432310
47.34608210 -122.26902010
41.68116810 -86.23894410
40.41024010 -74.24712010
40.35423110 -74.11567510
13.73101110 100.51336210
-6.31469810 106.81315210
44.78208710 -93.18367210
35.68000610 139.70605610
44.05176210 -123.08334710
41.79500410 -72.69092310
34.85256710 -82.39203410
43.66161510 -70.25431410
41.45170510 -81.84819710
39.97535210 -105.09324110
36.03311610 -86.78277710
34.42196110 -119.69346810
40.56362510 -74.52603410
37.56653510 126.97796910
33.45162410 -117.64702410
42.53156710 -82.96434110
34.06812010 -117.22684010
32.95011110 -96.88391710
44.48055110 -73.19678410
41.83430010 -72.56461710
41.16991010 -73.21811210
40.94798410 -74.27348510
39.75399010 -84.18965710
34.16418310 -118.82645010
34.00030210 -81.03703110
40.59422310 -111.87898310
37.69223610 -97.33754510
32.79257510 -117.22474310
45.09932510 -93.27443510
42.75314810 -71.45954510
41.82690210 -88.31323910
30.45074610 -91.15455110
27.95474510 -82.79091610
47.78685910 -122.19160410
43.54997510 -96.70032710
42.21333610 -87.97050710
39.16532510 -86.52638610
33.95512910 -117.39706510
47.98789710 -122.19901810
42.52260110 -70.90788410
40.11307310 -74.91828310
27.91610410 -82.24841810
-7.26771510 112.74167310
42.24284910 -70.96381510
38.82238610 -77.42015210
36.07254110 -79.79448010
33.65028410 -84.43758010
26.70835810 -80.05192210
40.86717410 -73.38055510
38.72035110 -121.24488410
36.15398210 -95.99277510
13.78679810 100.61551510
-22.90353910 -43.20958710
41.72070710 -87.71461810
38.74238810 -77.21913210
33.48581310 -86.79924110
32.06268810 -81.10157010
28.52905010 -81.55647610
28.29195610 -81.40757110
27.66482710 -81.51575310
44.26017010 -88.41388410
42.93313110 -78.75293710
41.52272810 -90.54107910
41.34767910 -73.45140610
39.36294410 -74.42592710
38.88139610 -94.81912810
30.41275410 -87.20984110
29.65163410 -82.32482610
55.74835010 37.62385010
40.21949110 -74.79358410
47.29836810 -122.36173810
42.19556710 -71.18677010
41.24369110 -73.06478110
36.74772710 -119.77236610
33.88308410 -117.56395810
45.42771710 -122.78965510
42.43462110 -71.45071410
40.11384110 -88.23670310
38.97166910 -95.23525010
38.61018510 -90.55175010
34.07750210 -84.04649010
33.97257510 -118.16837110
31.96859910 -99.90181310
26.48884210 -80.07008210
3.13427610 101.67556010
42.61425110 -71.12383310
41.07927310 -85.13935110
33.60497910 -86.63696610
30.49481410 -97.66740510
42.67720610 -73.75123010
40.49620310 -88.99246510
40.16724110 -75.13014810
38.05292810 -122.27656710
36.97390510 -122.02008010
36.35958310 -94.17947610
33.36277810 -112.16861110
52.52340510 13.41140010
42.25493910 -71.44973110
41.62184210 -87.77972310
40.52553210 -74.64741310
39.73594310 -75.55050910
39.41778510 -76.59778910
35.92506410 -86.86889010
51.04500010 -114.05722210
45.40109110 -75.70513310
42.56062710 -71.22277610
41.21833810 -73.93479510
40.27352510 -76.89054610
38.98180410 -76.49960710
28.03826810 -81.94780610
26.13884410 -80.33434710
47.80529210 -122.34446310
42.25905710 -71.79083710
40.10042810 -83.11003110
39.09561110 -76.88814410
34.75143610 -92.28485010
44.89943710 -93.62907910
42.98951610 -71.46588410
41.70686910 -73.92564810
40.76679410 -73.06231110
39.71222910 -86.37676110
29.98673110 -90.20393410
28.06548710 -80.59930510
-0.78927510 113.92132710
47.53179010 -122.02841010
42.29856210 -88.27068910
40.96048910 -72.20861910
40.13047010 -82.94111010
43.01644710 -88.23213510
42.65263910 -83.00841710
42.43922210 -82.91527910
42.01666710 -94.37666710
41.50629510 -73.08288410
39.91861710 -75.33817110
39.41304310 -77.41126810
39.33104910 -74.57533510
38.30472210 -122.29888910
34.73036910 -86.58610410
34.10148710 -84.51937510
33.50959410 -117.16571810
41.27417410 -73.84626410
38.44095610 -122.71674010
35.54774610 -80.82838910
34.22572510 -77.94471010
33.37032010 -112.58377710
29.21111810 -81.02354010
27.80058310 -97.39638110
25.26444410 55.31166710
-8.66436310 115.21134010
43.18353910 -87.95640810
42.13534310 -71.43706610
42.10179010 -75.92553010
40.61566310 -75.36652510
39.56552710 -104.79615610
35.04563010 -85.30968010
34.09865710 -117.35580910
32.46191410 -84.98893310
20.67628210 -103.34731510
3.58488810 98.67732910
52.37296410 4.89231710
48.75955310 -122.48822510
46.78029510 -92.10083310
44.66468710 -93.22828410
41.47416610 -81.52397410
40.88031410 -73.07814710
40.79350010 -77.85759510
40.30413110 -74.31252510
40.16312110 -105.10637210
39.96826110 -75.61321410
38.03171410 -84.49513610
34.26590010 -119.25836610
26.64406910 -81.87331210
14.59444610 121.01582610
42.28178010 -71.58480710
42.25304810 -83.17962910
39.96259810 -76.72774510
39.94187710 -74.14813910
39.05582310 -95.68901910
38.62457110 -121.29814510
33.93230810 -83.99220410
33.56898110 -84.32907210
39.02460510 -84.58562810
38.99854310 -76.81361910
38.02930610 -78.47667810
36.25613010 -94.12431210
34.00500810 -118.81008910
33.83337210 -111.95070410
30.64426510 -96.34891410
28.32970210 -80.67288810
27.33643510 -82.53065310
21.37781010 -158.00304510
46.72955310 -94.68590010
45.63872810 -122.66148610
42.89325010 -87.86338110
42.44396110 -76.50188110
42.19231610 -88.29306010
42.05843610 -70.17863710
41.60564210 -88.20381810
40.51168310 -80.19610810
40.41962310 -79.85078610
40.37315910 -74.51987610
39.35657710 -84.49736910
36.19872610 -86.58786110
35.84562110 -86.39027010
33.57786310 -101.85516710
32.72532510 -114.62439710
25.84567210 -80.31889110
-33.86063010 151.20477610
61.21805610 -149.90027810
46.87682010 -96.78729410
45.52231710 -122.41102710
43.45157610 -80.49993810
42.72613110 -87.78285210
41.53117710 -87.49265310
41.35807110 -72.10527910
40.02898710 -76.31631710
37.65945010 -77.51334110
36.09986010 -80.24421610
36.05727710 -94.16586110
31.23039310 121.47370410
-33.42574110 -70.57074010
47.65878010 -117.42604710
42.12922410 -80.08505910
41.99812310 -91.66978710
41.20332210 -77.19452510
40.69404410 -89.59083510
40.28623610 -111.68892110
40.12107710 -75.49086310
39.69452410 -75.75215710
37.21361110 -93.29664310
33.20782210 -97.12518310
32.93987710 -96.59048410
29.61954010 -95.63197610
18.43395110 -66.11070010
-7.79017910 110.36664010
-34.61199610 -58.37186510
43.07414910 -70.77226210
42.08731510 -88.28416910
42.06242910 -71.19800710
41.71216610 -71.43339010
41.60502110 -87.90389910
40.62945210 -75.49198310
40.29073510 -75.13205310
34.61002410 -112.31572110
30.28279010 -81.39532110
45.52541110 -122.97612210
44.02470610 -88.54261410
41.58984310 -83.67160310
41.38058710 -81.44969810
40.64738810 -74.60210310
39.75554310 -105.22110010
38.78091910 -90.53477910
37.97533910 -121.73731510
36.59689910 -121.89280010
30.00806710 -95.23665010
28.66415210 -81.19046910
45.40863410 -122.63070910
43.55211610 -79.62796610
43.19009810 -70.86735810
41.68137810 -91.57016310
41.16918710 -81.40734510
41.00527010 28.97696010
40.42068810 -86.88953810
39.58722210 -78.84250010
39.37221210 -104.85609010
39.34609810 -76.49117110
38.72894110 -75.08960110
38.59669810 -122.85768710
32.05950210 34.78865710
-37.80905410 144.96668110
47.03896710 -122.90472710
44.50789610 -88.02764210
44.02163110 -92.46989910
43.78444010 -88.78786810
43.20726710 -88.11732610
43.13736910 -77.45119510
41.36386310 -81.58700710
39.74339010 -74.96350510
37.63709010 -120.99509810
36.99892210 -76.39166810
35.60059010 -82.55043610
35.40875210 -80.57951110
34.42355710 -119.84582010
34.26944710 -118.78148210
33.82829510 -84.62414710
25.67321110 -100.30920110
42.81978110 -73.93786910
42.36871210 -87.88839410
39.64176810 -106.56254410
37.68187510 -121.76800910
36.67773710 -121.65550110
35.22199710 -101.83129710
34.54002410 -112.46850210
34.48390110 -114.32245510
33.82066710 -116.53005410
32.87950210 -111.75735210
-6.18396610 106.62444710
44.94289710 -123.03509610
42.63824710 -71.37905410
42.28499210 -89.08395410
41.66191110 -83.54837810
40.63109410 -89.40460210
39.67007310 -84.12874210
38.54500410 -121.73819710
35.28275210 -120.65961610
34.95303410 -120.43571910
34.20732010 -84.14019310
53.34288710 -6.26930310
42.18330010 -88.12487310
41.44773110 -74.02841310
41.37284410 -71.95487910
41.33769810 -81.84286910
40.85669510 -74.61142810
38.40879910 -121.37161810
38.01826910 -121.85146310
37.43157310 -78.65689410
35.65283210 -97.47809510
34.86974010 -111.76099010
33.70758110 -116.23712710
32.21631610 -80.75260810
29.93827210 -93.92072010
26.20268910 -98.23160310
26.14203610 -81.79481010
22.39642810 114.10949710
48.43306110 -123.36190510
47.60579710 -122.66980410
42.35167410 -72.57957510
41.87800210 -93.09770210
41.19053110 -111.99542010
40.64606210 -111.49797310
40.41745510 -3.70091010
40.38786410 -75.95144210
38.45654610 -122.41896010
37.97458610 -87.55669510
35.37329210 -119.01871310
30.69435710 -88.04305410
30.51746610 -97.82575210
29.78578510 -95.82439610
21.15896410 -86.84593710
-6.24744710 107.14845210
55.68682610 12.58994310
53.54356410 -113.49045210
44.76305710 -85.62063210
42.88064310 -71.32728610
41.44601610 -75.66807710
41.13998110 -104.82024610
37.95770210 -121.29078010
37.13050110 -121.65439010
34.68678510 -118.15416310
33.47586710 -82.00704910
32.60985710 -85.48078310
30.07994110 -95.41716010
-33.05046210 -71.61645210
60.16995410 24.93773010
50.11151210 8.68050610
44.05817310 -121.31531010
43.68527110 -79.75992410
43.68085610 -72.28795210
43.09617110 -88.40263210
42.76535410 -78.78260110
42.11547410 -79.28636810
42.05981310 -70.95125710
41.64187110 -88.05172710
41.63459110 -72.63523410
41.25584510 -75.88747110
38.04118210 -122.15005310
37.27070210 -76.70745710
37.20464310 -80.41268910
36.82522810 -119.70291910
35.52807810 -108.74258410
34.93523810 -82.23490410
32.31994010 -106.76365410
9.95896810 -84.10563310
30.40816710 -86.52832010
35.11136010 -89.79798210
41.48620110 -70.59774210
32.59896010 -96.89536510
41.57722410 -73.41572310
41.22039810 -73.66661910
41.61853210 -88.44556810
